{
	"version": 0.1,
	"name": "loop",
	"grid": "honeycomb",
	"virtualHelices": {
		"0": {
			"gridPosition": [
				16,
				10
			],
			"firstActiveCell": 0,
			"lastActiveCell": 18,
			"lastCell": 41,
			"initialAngle": 0.0,
			"orientation": "-0.000000,0.707107,0.707107",
			"cells": {
				"0": {
					"number": 0,
					"position": "0.000000,27712.812921,29500.000000",
					"type": 0,
					"left": 0,
					"right": 1
				},
				"1": {
					"number": 1,
					"position": "345.000000,27712.812921,29500.000000",
					"type": 0,
					"left": 2,
					"right": 3
				},
				"2": {
					"number": 2,
					"position": "690.000000,27712.812921,29500.000000",
					"type": 0,
					"left": 4,
					"right": 5
				},
				"3": {
					"number": 3,
					"position": "1035.000000,27712.812921,29500.000000",
					"type": 0,
					"left": 6,
					"right": 7
				},
				"4": {
					"number": 4,
					"position": "1380.000000,27712.812921,29500.000000",
					"type": 0,
					"left": 8,
					"right": 9
				},
				"5": {
					"number": 5,
					"position": "1725.000000,27712.812921,29500.000000",
					"type": 0,
					"left": 10,
					"right": 11
				},
				"6": {
					"number": 6,
					"position": "2070.000000,27712.812921,29500.000000",
					"type": 0,
					"left": 12,
					"right": 13
				},
				"7": {
					"number": 7,
					"position": "2415.000000,27712.812921,29500.000000",
					"type": 0,
					"left": 14,
					"right": 15
				},
				"8": {
					"number": 8,
					"position": "2760.000000,27712.812921,29500.000000",
					"type": 0,
					"left": 16,
					"right": 17
				},
				"9": {
					"number": 9,
					"position": "3105.000000,27712.812921,29500.000000",
					"type": 0,
					"left": 18,
					"right": 19
				},
				"10": {
					"number": 10,
					"position": "3450.000000,27712.812921,29500.000000",
					"type": 0,
					"left": 20,
					"right": 21
				},
				"11": {
					"number": 11,
					"position": "3795.000000,27712.812921,29500.000000",
					"type": 0,
					"left": 22,
					"right": 23
				},
				"12": {
					"number": 12,
					"position": "4140.000000,27712.812921,29500.000000",
					"type": 0,
					"left": 24,
					"right": 25
				},
				"13": {
					"number": 13,
					"position": "4485.000000,27712.812921,29500.000000",
					"type": 0,
					"left": 26,
					"right": 27
				},
				"14": {
					"number": 14,
					"position": "4830.000000,27712.812921,29500.000000",
					"type": 0,
					"left": 28,
					"right": 29
				},
				"15": {
					"number": 15,
					"position": "5175.000000,27712.812921,29500.000000",
					"type": 0,
					"left": 30,
					"right": 31
				},
				"16": {
					"number": 16,
					"position": "5520.000000,27712.812921,29500.000000",
					"type": 0,
					"left": 32,
					"right": -1
				},
				"17": {
					"number": 17,
					"position": "5865.000000,27712.812921,29500.000000",
					"type": 0,
					"left": 33,
					"right": -1
				},
				"18": {
					"number": 18,
					"position": "6210.000000,27712.812921,29500.000000",
					"type": 0,
					"left": 34,
					"right": -1
				},
				"19": {
					"number": 19,
					"position": "6555.000000,27712.812921,29500.000000",
					"type": -1,
					"left": -1,
					"right": -1
				},
				"20": {
					"number": 20,
					"position": "6900.000000,27712.812921,29500.000000",
					"type": -1,
					"left": -1,
					"right": -1
				},
				"21": {
					"number": 21,
					"position": "7245.000000,27712.812921,29500.000000",
					"type": -1,
					"left": -1,
					"right": -1
				},
				"22": {
					"number": 22,
					"position": "7590.000000,27712.812921,29500.000000",
					"type": -1,
					"left": -1,
					"right": -1
				},
				"23": {
					"number": 23,
					"position": "7935.000000,27712.812921,29500.000000",
					"type": -1,
					"left": -1,
					"right": -1
				},
				"24": {
					"number": 24,
					"position": "8280.000000,27712.812921,29500.000000",
					"type": -1,
					"left": -1,
					"right": -1
				},
				"25": {
					"number": 25,
					"position": "8625.000000,27712.812921,29500.000000",
					"type": -1,
					"left": -1,
					"right": -1
				},
				"26": {
					"number": 26,
					"position": "8970.000000,27712.812921,29500.000000",
					"type": -1,
					"left": -1,
					"right": -1
				},
				"27": {
					"number": 27,
					"position": "9315.000000,27712.812921,29500.000000",
					"type": -1,
					"left": -1,
					"right": -1
				},
				"28": {
					"number": 28,
					"position": "9660.000000,27712.812921,29500.000000",
					"type": -1,
					"left": -1,
					"right": -1
				},
				"29": {
					"number": 29,
					"position": "10005.000000,27712.812921,29500.000000",
					"type": -1,
					"left": -1,
					"right": -1
				},
				"30": {
					"number": 30,
					"position": "10350.000000,27712.812921,29500.000000",
					"type": -1,
					"left": -1,
					"right": -1
				},
				"31": {
					"number": 31,
					"position": "10695.000000,27712.812921,29500.000000",
					"type": -1,
					"left": -1,
					"right": -1
				},
				"32": {
					"number": 32,
					"position": "11040.000000,27712.812921,29500.000000",
					"type": -1,
					"left": -1,
					"right": -1
				},
				"33": {
					"number": 33,
					"position": "11385.000000,27712.812921,29500.000000",
					"type": -1,
					"left": -1,
					"right": -1
				},
				"34": {
					"number": 34,
					"position": "11730.000000,27712.812921,29500.000000",
					"type": -1,
					"left": -1,
					"right": -1
				},
				"35": {
					"number": 35,
					"position": "12075.000000,27712.812921,29500.000000",
					"type": -1,
					"left": -1,
					"right": -1
				},
				"36": {
					"number": 36,
					"position": "12420.000000,27712.812921,29500.000000",
					"type": -1,
					"left": -1,
					"right": -1
				},
				"37": {
					"number": 37,
					"position": "12765.000000,27712.812921,29500.000000",
					"type": -1,
					"left": -1,
					"right": -1
				},
				"38": {
					"number": 38,
					"position": "13110.000000,27712.812921,29500.000000",
					"type": -1,
					"left": -1,
					"right": -1
				},
				"39": {
					"number": 39,
					"position": "13455.000000,27712.812921,29500.000000",
					"type": -1,
					"left": -1,
					"right": -1
				},
				"40": {
					"number": 40,
					"position": "13800.000000,27712.812921,29500.000000",
					"type": -1,
					"left": -1,
					"right": -1
				},
				"41": {
					"number": 41,
					"position": "14145.000000,27712.812921,29500.000000",
					"type": -1,
					"left": -1,
					"right": -1
				}
			}
		},
		"1": {
			"gridPosition": [
				15,
				10
			],
			"firstActiveCell": 42,
			"lastActiveCell": 70,
			"lastCell": 82,
			"initialAngle": 0.0,
			"orientation": "-0.000000,0.707107,0.707107",
			"cells": {
				"42": {
					"number": 0,
					"position": "0.000000,25980.762114,30500.000000",
					"type": 0,
					"left": 35,
					"right": 36
				},
				"43": {
					"number": 1,
					"position": "345.000000,25980.762114,30500.000000",
					"type": 0,
					"left": 37,
					"right": 38
				},
				"44": {
					"number": 2,
					"position": "690.000000,25980.762114,30500.000000",
					"type": 0,
					"left": 39,
					"right": 40
				},
				"45": {
					"number": 3,
					"position": "1035.000000,25980.762114,30500.000000",
					"type": 0,
					"left": 41,
					"right": 42
				},
				"46": {
					"number": 4,
					"position": "1380.000000,25980.762114,30500.000000",
					"type": 0,
					"left": 43,
					"right": 44
				},
				"47": {
					"number": 5,
					"position": "1725.000000,25980.762114,30500.000000",
					"type": 0,
					"left": 45,
					"right": 46
				},
				"48": {
					"number": 6,
					"position": "2070.000000,25980.762114,30500.000000",
					"type": 0,
					"left": 47,
					"right": 48
				},
				"49": {
					"number": 7,
					"position": "2415.000000,25980.762114,30500.000000",
					"type": 0,
					"left": 49,
					"right": 50
				},
				"50": {
					"number": 8,
					"position": "2415.000000,25980.762114,30500.000000",
					"type": 2,
					"leftLoop": {
						"startNt": 51,
						"endNt": 52,
						"nucleotides": "51,53,54,55,52"
					},
					"rightLoop": {
						"startNt": 56,
						"endNt": 57,
						"nucleotides": "57,58,59,60,56"
					}
				},
				"51": {
					"number": 9,
					"position": "2760.000000,25980.762114,30500.000000",
					"type": 0,
					"left": 61,
					"right": 62
				},
				"52": {
					"number": 10,
					"position": "3105.000000,25980.762114,30500.000000",
					"type": 0,
					"left": 63,
					"right": 64
				},
				"53": {
					"number": 11,
					"position": "3450.000000,25980.762114,30500.000000",
					"type": 0,
					"left": 65,
					"right": 66
				},
				"54": {
					"number": 12,
					"position": "3795.000000,25980.762114,30500.000000",
					"type": 0,
					"left": 67,
					"right": 68
				},
				"55": {
					"number": 13,
					"position": "4140.000000,25980.762114,30500.000000",
					"type": 0,
					"left": 69,
					"right": 70
				},
				"56": {
					"number": 14,
					"position": "4485.000000,25980.762114,30500.000000",
					"type": 0,
					"left": 71,
					"right": 72
				},
				"57": {
					"number": 15,
					"position": "4830.000000,25980.762114,30500.000000",
					"type": 0,
					"left": 73,
					"right": 74
				},
				"58": {
					"number": 16,
					"position": "5175.000000,25980.762114,30500.000000",
					"type": 0,
					"left": 75,
					"right": 76
				},
				"59": {
					"number": 17,
					"position": "5520.000000,25980.762114,30500.000000",
					"type": 0,
					"left": -1,
					"right": 77
				},
				"60": {
					"number": 18,
					"position": "5865.000000,25980.762114,30500.000000",
					"type": 0,
					"left": -1,
					"right": 78
				},
				"61": {
					"number": 19,
					"position": "6210.000000,25980.762114,30500.000000",
					"type": 0,
					"left": -1,
					"right": 79
				},
				"62": {
					"number": 20,
					"position": "6555.000000,25980.762114,30500.000000",
					"type": 0,
					"left": -1,
					"right": 80
				},
				"41": {
					"number": 21,
					"position": "6900.000000,25980.762114,30500.000000",
					"type": 0,
					"left": -1,
					"right": 81
				},
				"63": {
					"number": 22,
					"position": "7245.000000,25980.762114,30500.000000",
					"type": 0,
					"left": -1,
					"right": 82
				},
				"64": {
					"number": 23,
					"position": "7590.000000,25980.762114,30500.000000",
					"type": 0,
					"left": -1,
					"right": 83
				},
				"65": {
					"number": 24,
					"position": "7935.000000,25980.762114,30500.000000",
					"type": 0,
					"left": -1,
					"right": 84
				},
				"66": {
					"number": 25,
					"position": "8280.000000,25980.762114,30500.000000",
					"type": 0,
					"left": -1,
					"right": 85
				},
				"67": {
					"number": 26,
					"position": "8625.000000,25980.762114,30500.000000",
					"type": 0,
					"left": -1,
					"right": 86
				},
				"68": {
					"number": 27,
					"position": "8970.000000,25980.762114,30500.000000",
					"type": 0,
					"left": -1,
					"right": 87
				},
				"69": {
					"number": 28,
					"position": "9315.000000,25980.762114,30500.000000",
					"type": 0,
					"left": -1,
					"right": 88
				},
				"70": {
					"number": 29,
					"position": "9660.000000,25980.762114,30500.000000",
					"type": 0,
					"left": -1,
					"right": 89
				},
				"71": {
					"number": 30,
					"position": "10005.000000,25980.762114,30500.000000",
					"type": 0,
					"left": -1,
					"right": 90
				},
				"72": {
					"number": 31,
					"position": "10350.000000,25980.762114,30500.000000",
					"type": -1,
					"left": -1,
					"right": -1
				},
				"73": {
					"number": 32,
					"position": "10695.000000,25980.762114,30500.000000",
					"type": -1,
					"left": -1,
					"right": -1
				},
				"74": {
					"number": 33,
					"position": "11040.000000,25980.762114,30500.000000",
					"type": -1,
					"left": -1,
					"right": -1
				},
				"75": {
					"number": 34,
					"position": "11385.000000,25980.762114,30500.000000",
					"type": -1,
					"left": -1,
					"right": -1
				},
				"76": {
					"number": 35,
					"position": "11730.000000,25980.762114,30500.000000",
					"type": -1,
					"left": -1,
					"right": -1
				},
				"77": {
					"number": 36,
					"position": "12075.000000,25980.762114,30500.000000",
					"type": -1,
					"left": -1,
					"right": -1
				},
				"78": {
					"number": 37,
					"position": "12420.000000,25980.762114,30500.000000",
					"type": -1,
					"left": -1,
					"right": -1
				},
				"79": {
					"number": 38,
					"position": "12765.000000,25980.762114,30500.000000",
					"type": -1,
					"left": -1,
					"right": -1
				},
				"80": {
					"number": 39,
					"position": "13110.000000,25980.762114,30500.000000",
					"type": -1,
					"left": -1,
					"right": -1
				},
				"81": {
					"number": 40,
					"position": "13455.000000,25980.762114,30500.000000",
					"type": -1,
					"left": -1,
					"right": -1
				},
				"82": {
					"number": 41,
					"position": "13800.000000,25980.762114,30500.000000",
					"type": -1,
					"left": -1,
					"right": -1
				}
			}
		},
		"3": {
			"gridPosition": [
				17,
				10
			],
			"firstActiveCell": 83,
			"lastActiveCell": 98,
			"lastCell": 123,
			"initialAngle": 0.0,
			"orientation": "-0.000000,0.707107,0.707107",
			"cells": {
				"83": {
					"number": 1,
					"position": "345.000000,29444.863729,30500.000000",
					"type": 0,
					"left": 91,
					"right": 92
				},
				"84": {
					"number": 2,
					"position": "690.000000,29444.863729,30500.000000",
					"type": 0,
					"left": 93,
					"right": 94
				},
				"85": {
					"number": 3,
					"position": "1035.000000,29444.863729,30500.000000",
					"type": 0,
					"left": 95,
					"right": 96
				},
				"86": {
					"number": 4,
					"position": "1380.000000,29444.863729,30500.000000",
					"type": 0,
					"left": 97,
					"right": 98
				},
				"87": {
					"number": 5,
					"position": "1725.000000,29444.863729,30500.000000",
					"type": 0,
					"left": 99,
					"right": 100
				},
				"88": {
					"number": 6,
					"position": "2070.000000,29444.863729,30500.000000",
					"type": 0,
					"left": 101,
					"right": 102
				},
				"89": {
					"number": 7,
					"position": "2415.000000,29444.863729,30500.000000",
					"type": 0,
					"left": 103,
					"right": 104
				},
				"90": {
					"number": 8,
					"position": "2760.000000,29444.863729,30500.000000",
					"type": 0,
					"left": 105,
					"right": 106
				},
				"91": {
					"number": 9,
					"position": "3105.000000,29444.863729,30500.000000",
					"type": 0,
					"left": 107,
					"right": 108
				},
				"92": {
					"number": 10,
					"position": "3450.000000,29444.863729,30500.000000",
					"type": 0,
					"left": 109,
					"right": 110
				},
				"93": {
					"number": 11,
					"position": "3795.000000,29444.863729,30500.000000",
					"type": 0,
					"left": 111,
					"right": 112
				},
				"94": {
					"number": 12,
					"position": "4140.000000,29444.863729,30500.000000",
					"type": 0,
					"left": 113,
					"right": 114
				},
				"95": {
					"number": 13,
					"position": "4485.000000,29444.863729,30500.000000",
					"type": 0,
					"left": 115,
					"right": 116
				},
				"96": {
					"number": 14,
					"position": "4830.000000,29444.863729,30500.000000",
					"type": 0,
					"left": 117,
					"right": 118
				},
				"97": {
					"number": 15,
					"position": "5175.000000,29444.863729,30500.000000",
					"type": 0,
					"left": 119,
					"right": 120
				},
				"98": {
					"number": 16,
					"position": "5520.000000,29444.863729,30500.000000",
					"type": -1,
					"left": -1,
					"right": -1
				},
				"99": {
					"number": 17,
					"position": "5865.000000,29444.863729,30500.000000",
					"type": -1,
					"left": -1,
					"right": -1
				},
				"100": {
					"number": 18,
					"position": "6210.000000,29444.863729,30500.000000",
					"type": -1,
					"left": -1,
					"right": -1
				},
				"101": {
					"number": 19,
					"position": "6555.000000,29444.863729,30500.000000",
					"type": -1,
					"left": -1,
					"right": -1
				},
				"102": {
					"number": 20,
					"position": "6900.000000,29444.863729,30500.000000",
					"type": -1,
					"left": -1,
					"right": -1
				},
				"103": {
					"number": 21,
					"position": "7245.000000,29444.863729,30500.000000",
					"type": -1,
					"left": -1,
					"right": -1
				},
				"104": {
					"number": 22,
					"position": "7590.000000,29444.863729,30500.000000",
					"type": -1,
					"left": -1,
					"right": -1
				},
				"105": {
					"number": 23,
					"position": "7935.000000,29444.863729,30500.000000",
					"type": -1,
					"left": -1,
					"right": -1
				},
				"106": {
					"number": 24,
					"position": "8280.000000,29444.863729,30500.000000",
					"type": -1,
					"left": -1,
					"right": -1
				},
				"107": {
					"number": 25,
					"position": "8625.000000,29444.863729,30500.000000",
					"type": -1,
					"left": -1,
					"right": -1
				},
				"108": {
					"number": 26,
					"position": "8970.000000,29444.863729,30500.000000",
					"type": -1,
					"left": -1,
					"right": -1
				},
				"109": {
					"number": 27,
					"position": "9315.000000,29444.863729,30500.000000",
					"type": -1,
					"left": -1,
					"right": -1
				},
				"110": {
					"number": 28,
					"position": "9660.000000,29444.863729,30500.000000",
					"type": -1,
					"left": -1,
					"right": -1
				},
				"111": {
					"number": 29,
					"position": "10005.000000,29444.863729,30500.000000",
					"type": -1,
					"left": -1,
					"right": -1
				},
				"112": {
					"number": 30,
					"position": "10350.000000,29444.863729,30500.000000",
					"type": -1,
					"left": -1,
					"right": -1
				},
				"113": {
					"number": 31,
					"position": "10695.000000,29444.863729,30500.000000",
					"type": -1,
					"left": -1,
					"right": -1
				},
				"114": {
					"number": 32,
					"position": "11040.000000,29444.863729,30500.000000",
					"type": -1,
					"left": -1,
					"right": -1
				},
				"115": {
					"number": 33,
					"position": "11385.000000,29444.863729,30500.000000",
					"type": -1,
					"left": -1,
					"right": -1
				},
				"116": {
					"number": 34,
					"position": "11730.000000,29444.863729,30500.000000",
					"type": -1,
					"left": -1,
					"right": -1
				},
				"117": {
					"number": 35,
					"position": "12075.000000,29444.863729,30500.000000",
					"type": -1,
					"left": -1,
					"right": -1
				},
				"118": {
					"number": 36,
					"position": "12420.000000,29444.863729,30500.000000",
					"type": -1,
					"left": -1,
					"right": -1
				},
				"119": {
					"number": 37,
					"position": "12765.000000,29444.863729,30500.000000",
					"type": -1,
					"left": -1,
					"right": -1
				},
				"120": {
					"number": 38,
					"position": "13110.000000,29444.863729,30500.000000",
					"type": -1,
					"left": -1,
					"right": -1
				},
				"121": {
					"number": 39,
					"position": "13455.000000,29444.863729,30500.000000",
					"type": -1,
					"left": -1,
					"right": -1
				},
				"122": {
					"number": 40,
					"position": "13800.000000,29444.863729,30500.000000",
					"type": -1,
					"left": -1,
					"right": -1
				},
				"123": {
					"number": 41,
					"position": "14145.000000,29444.863729,30500.000000",
					"type": -1,
					"left": -1,
					"right": -1
				}
			}
		}
	},
	"singleStrands": {
		"1111": {
			"chainName": "Scaffold",
			"isScaffold": true,
			"fivePrimeId": 1,
			"threePrimeId": 35,
			"nucleotides": {
				"1": {
					"type": "$",
					"pair": 0,
					"prev": -1,
					"next": 3,
					"e1": "0.000000,0.707107,0.707107",
					"e2": "0.000000,0.707107,-0.707107",
					"e3": "-1.000000,0.000000,0.000000",
					"position": "41.251500,28108.116134,29134.948925",
					"backboneCenter": "83.036474,28215.954443,28929.598508",
					"sidechainCenter": "-0.533475,28000.277826,29340.299342",
					"tag": ""
				},
				"3": {
					"type": "$",
					"pair": 2,
					"prev": 1,
					"next": 5,
					"e1": "0.000000,0.185667,0.982613",
					"e2": "0.000000,0.982613,-0.185667",
					"e3": "-1.000000,0.000000,0.000000",
					"position": "390.420568,28249.556024,29395.806240",
					"backboneCenter": "431.287155,28518.013171,29308.300207",
					"sidechainCenter": "349.553982,27981.098877,29483.312274",
					"tag": ""
				},
				"5": {
					"type": "$",
					"pair": 4,
					"prev": 3,
					"next": 7,
					"e1": "0.000000,-0.400349,0.916363",
					"e2": "0.000000,0.916363,0.400349",
					"e3": "-1.000000,0.000000,0.000000",
					"position": "732.990767,28209.779684,29713.365516",
					"backboneCenter": "774.476091,28473.213706,29778.042967",
					"sidechainCenter": "691.505442,27946.345663,29648.688064",
					"tag": ""
				},
				"7": {
					"type": "$",
					"pair": 6,
					"prev": 5,
					"next": 9,
					"e1": "0.000000,-0.847122,0.531399",
					"e2": "0.000000,0.531399,0.847122",
					"e3": "-1.000000,0.000000,0.000000",
					"position": "1076.251500,27980.399054,29966.823927",
					"backboneCenter": "1118.036474,28156.491757,30117.785030",
					"sidechainCenter": "1034.466525,27804.306352,29815.862824",
					"tag": ""
				},
				"9": {
					"type": "$",
					"pair": 8,
					"prev": 7,
					"next": 43,
					"e1": "0.000000,-0.999263,-0.038388",
					"e2": "0.000000,-0.038388,0.999263",
					"e3": "-1.000000,0.000000,0.000000",
					"position": "1422.990767,27695.489351,30040.555919",
					"backboneCenter": "1464.476091,27731.391993,30309.426997",
					"sidechainCenter": "1381.505442,27659.586710,29771.684840",
					"tag": ""
				},
				"43": {
					"type": "$",
					"pair": 44,
					"prev": 9,
					"next": 41,
					"e1": "0.000000,-0.999263,-0.038388",
					"e2": "0.000000,0.038388,-0.999263",
					"e3": "1.000000,0.000000,0.000000",
					"position": "1334.799326,26004.395055,29954.516820",
					"backboneCenter": "1293.301366,26047.841648,29675.620687",
					"sidechainCenter": "1376.297287,25960.948463,30233.412952",
					"tag": ""
				},
				"41": {
					"type": "$",
					"pair": 42,
					"prev": 43,
					"next": 39,
					"e1": "0.000000,-0.847122,0.531399",
					"e2": "0.000000,-0.531399,-0.847122",
					"e3": "1.000000,0.000000,0.000000",
					"position": "992.154824,25696.755255,30040.679221",
					"backboneCenter": "950.070648,25590.789213,29791.089616",
					"sidechainCenter": "1034.238999,25802.721296,30290.268826",
					"tag": ""
				},
				"39": {
					"type": "$",
					"pair": 40,
					"prev": 41,
					"next": 37,
					"e1": "0.000000,-0.400349,0.916363",
					"e2": "0.000000,-0.916363,-0.400349",
					"e3": "1.000000,0.000000,0.000000",
					"position": "651.346411,25501.826068,30309.657847",
					"backboneCenter": "608.774966,25312.018703,30172.036562",
					"sidechainCenter": "693.917855,25691.633433,30447.279133",
					"tag": ""
				},
				"37": {
					"type": "$",
					"pair": 38,
					"prev": 39,
					"next": 35,
					"e1": "0.000000,0.185667,0.982613",
					"e2": "0.000000,-0.982613,0.185667",
					"e3": "1.000000,0.000000,0.000000",
					"position": "299.799326,25443.770220,30598.742709",
					"backboneCenter": "258.301366,25162.213636,30618.656250",
					"sidechainCenter": "341.297287,25725.326804,30578.829167",
					"tag": ""
				},
				"35": {
					"type": "$",
					"pair": 36,
					"prev": 37,
					"next": -1,
					"e1": "0.000000,0.707107,0.707107",
					"e2": "0.000000,-0.707107,0.707107",
					"e3": "1.000000,0.000000,0.000000",
					"position": "-45.200674,25592.798115,30884.180103",
					"backboneCenter": "-86.698634,25371.426501,31059.295115",
					"sidechainCenter": "-3.702713,25814.169729,30709.065091",
					"tag": ""
				}
			}
		},
		"1172": {
			"chainName": "Scaffold",
			"isScaffold": true,
			"fivePrimeId": 119,
			"threePrimeId": 91,
			"nucleotides": {
				"119": {
					"type": "$",
					"pair": 120,
					"prev": -1,
					"next": 117,
					"e1": "0.000000,-0.942641,-0.333807",
					"e2": "0.000000,0.333807,-0.942641",
					"e3": "1.000000,0.000000,0.000000",
					"position": "5133.794034,29604.430049,29985.476122",
					"backboneCenter": "5091.382314,29741.133876,29798.250495",
					"sidechainCenter": "5176.205755,29467.726222,30172.701748",
					"tag": ""
				},
				"117": {
					"type": "$",
					"pair": 118,
					"prev": 119,
					"next": 115,
					"e1": "0.000000,-0.966823,0.255446",
					"e2": "0.000000,-0.255446,-0.966823",
					"e3": "1.000000,0.000000,0.000000",
					"position": "4784.799326,29307.980176,29971.442237",
					"backboneCenter": "4743.301366,29267.987021,29692.029985",
					"sidechainCenter": "4826.297287,29347.973331,30250.854489",
					"tag": ""
				},
				"115": {
					"type": "$",
					"pair": 116,
					"prev": 117,
					"next": 113,
					"e1": "0.000000,-0.654741,0.755853",
					"e2": "0.000000,-0.755853,-0.654741",
					"e3": "1.000000,0.000000,0.000000",
					"position": "4442.154824,29038.974220,30143.784924",
					"backboneCenter": "4400.070648,28864.665452,29936.082670",
					"sidechainCenter": "4484.238999,29213.282987,30351.487178",
					"tag": ""
				},
				"113": {
					"type": "$",
					"pair": 114,
					"prev": 115,
					"next": 25,
					"e1": "0.000000,-0.114937,0.993373",
					"e2": "0.000000,-0.993373,-0.114937",
					"e3": "1.000000,0.000000,0.000000",
					"position": "4098.794034,28907.702619,30459.328458",
					"backboneCenter": "4056.382314,28694.683198,30367.873015",
					"sidechainCenter": "4141.205755,29120.722040,30550.783901",
					"tag": ""
				},
				"25": {
					"type": "$",
					"pair": 24,
					"prev": 113,
					"next": 27,
					"e1": "0.000000,-0.114937,0.993373",
					"e2": "0.000000,0.993373,0.114937",
					"e3": "-1.000000,0.000000,0.000000",
					"position": "4182.990767,28250.446640,29558.743437",
					"backboneCenter": "4224.476091,28521.279704,29543.574138",
					"sidechainCenter": "4141.505442,27979.613576,29573.912737",
					"tag": ""
				},
				"27": {
					"type": "$",
					"pair": 26,
					"prev": 25,
					"next": 29,
					"e1": "0.000000,-0.654741,0.755853",
					"e2": "0.000000,0.755853,0.654741",
					"e3": "-1.000000,0.000000,0.000000",
					"position": "4530.420568,28127.865676,29855.922336",
					"backboneCenter": "4571.287155,28363.195143,30011.956267",
					"sidechainCenter": "4489.553982,27892.536209,29699.888404",
					"tag": ""
				},
				"29": {
					"type": "$",
					"pair": 28,
					"prev": 27,
					"next": 31,
					"e1": "0.000000,-0.966823,0.255446",
					"e2": "0.000000,0.255446,0.966823",
					"e3": "-1.000000,0.000000,0.000000",
					"position": "4872.990767,27854.289564,30022.001117",
					"backboneCenter": "4914.476091,27967.233727,30268.626892",
					"sidechainCenter": "4831.505442,27741.345402,29775.375343",
					"tag": ""
				},
				"31": {
					"type": "$",
					"pair": 30,
					"prev": 29,
					"next": 75,
					"e1": "0.000000,-0.942641,-0.333807",
					"e2": "0.000000,-0.333807,0.942641",
					"e3": "-1.000000,0.000000,0.000000",
					"position": "5213.645827,27524.454766,29979.056431",
					"backboneCenter": "5255.524180,27498.000991,30212.139812",
					"sidechainCenter": "5171.767474,27550.908540,29745.973050",
					"tag": ""
				},
				"75": {
					"type": "$",
					"pair": 76,
					"prev": 31,
					"next": 73,
					"e1": "0.000000,-0.590606,-0.806960",
					"e2": "0.000000,0.806960,-0.590606",
					"e3": "1.000000,0.000000,0.000000",
					"position": "5129.799326,26422.933263,30179.695315",
					"backboneCenter": "5088.301366,26668.489091,30040.508412",
					"sidechainCenter": "5171.297287,26177.377434,30318.882219",
					"tag": ""
				},
				"73": {
					"type": "$",
					"pair": 74,
					"prev": 75,
					"next": 71,
					"e1": "0.000000,-0.942641,-0.333807",
					"e2": "0.000000,0.333807,-0.942641",
					"e3": "1.000000,0.000000,0.000000",
					"position": "4784.799326,26165.538912,29986.221886",
					"backboneCenter": "4743.301366,26289.956718,29732.862716",
					"sidechainCenter": "4826.297287,26041.121107,30239.581055",
					"tag": ""
				},
				"71": {
					"type": "$",
					"pair": 72,
					"prev": 73,
					"next": 69,
					"e1": "0.000000,-0.966823,0.255446",
					"e2": "0.000000,-0.255446,-0.966823",
					"e3": "1.000000,0.000000,0.000000",
					"position": "4443.794034,25822.631970,29985.032924",
					"backboneCenter": "4401.382314,25830.056251,29753.329985",
					"sidechainCenter": "4486.205755,25815.207690,30216.735862",
					"tag": ""
				},
				"69": {
					"type": "$",
					"pair": 70,
					"prev": 71,
					"next": 67,
					"e1": "0.000000,-0.654741,0.755853",
					"e2": "0.000000,-0.755853,-0.654741",
					"e3": "1.000000,0.000000,0.000000",
					"position": "4098.794034,25559.933710,30163.697031",
					"backboneCenter": "4056.382314,25435.496254,29968.103853",
					"sidechainCenter": "4141.205755,25684.371166,30359.290209",
					"tag": ""
				},
				"67": {
					"type": "$",
					"pair": 68,
					"prev": 69,
					"next": 65,
					"e1": "0.000000,-0.114937,0.993373",
					"e2": "0.000000,-0.993373,-0.114937",
					"e3": "1.000000,0.000000,0.000000",
					"position": "3753.794034,25443.601004,30459.328458",
					"backboneCenter": "3711.382314,25230.581583,30367.873015",
					"sidechainCenter": "3796.205755,25656.620424,30550.783901",
					"tag": ""
				},
				"65": {
					"type": "$",
					"pair": 66,
					"prev": 67,
					"next": 63,
					"e1": "0.000000,0.464842,0.885394",
					"e2": "0.000000,-0.885394,0.464842",
					"e3": "1.000000,0.000000,0.000000",
					"position": "3408.794034,25514.094764,30769.105587",
					"backboneCenter": "3366.382314,25286.582259,30813.596394",
					"sidechainCenter": "3451.205755,25741.607268,30724.614780",
					"tag": ""
				},
				"63": {
					"type": "$",
					"pair": 64,
					"prev": 65,
					"next": 61,
					"e1": "0.000000,0.882948,0.469472",
					"e2": "0.000000,-0.469472,0.882948",
					"e3": "1.000000,0.000000,0.000000",
					"position": "3063.794034,25746.897020,30985.286874",
					"backboneCenter": "3021.382314,25584.021057,31150.249876",
					"sidechainCenter": "3106.205755,25909.772983,30820.323871",
					"tag": ""
				},
				"61": {
					"type": "$",
					"pair": 62,
					"prev": 63,
					"next": 49,
					"e1": "0.000000,0.993961,-0.109734",
					"e2": "0.000000,0.109734,0.993961",
					"e3": "1.000000,0.000000,0.000000",
					"position": "2721.346411,26054.498867,31010.071330",
					"backboneCenter": "2678.774966,26029.812067,31243.217242",
					"sidechainCenter": "2763.917855,26079.185667,30776.925419",
					"tag": ""
				},
				"49": {
					"type": "$",
					"pair": 50,
					"prev": 61,
					"next": 51,
					"e1": "0.000000,0.260505,-0.965473",
					"e2": "0.000000,0.965473,0.260505",
					"e3": "1.000000,0.000000,0.000000",
					"position": "2369.799326,26507.201893,30644.815658",
					"backboneCenter": "2328.301366,26769.359563,30749.429304",
					"sidechainCenter": "2411.297287,26245.044223,30540.202012",
					"tag": ""
				},
				"51": {
					"type": "$",
					"pair": -1,
					"prev": 49,
					"next": 53,
					"e1": "-0.605707,0.562636,0.562636",
					"e2": "0.368650,0.825071,-0.428200",
					"e3": "-0.705136,-0.051948,-0.707167",
					"position": "2312.965111,26503.014888,30587.817737",
					"backboneCenter": "2312.965111,26503.014888,30587.817737",
					"sidechainCenter": "2312.965111,26503.014888,30587.817737",
					"tag": ""
				},
				"53": {
					"type": "$",
					"pair": -1,
					"prev": 51,
					"next": 54,
					"e1": "-0.605707,0.562636,0.562636",
					"e2": "0.368650,0.825071,-0.428200",
					"e3": "-0.705136,-0.051948,-0.707167",
					"position": "2256.130896,26498.827883,30530.819816",
					"backboneCenter": "2256.130896,26498.827883,30530.819816",
					"sidechainCenter": "2256.130896,26498.827883,30530.819816",
					"tag": ""
				},
				"54": {
					"type": "$",
					"pair": -1,
					"prev": 53,
					"next": 55,
					"e1": "-0.605707,0.562636,0.562636",
					"e2": "0.368650,0.825071,-0.428200",
					"e3": "-0.705136,-0.051948,-0.707167",
					"position": "2199.296680,26494.640878,30473.821895",
					"backboneCenter": "2199.296680,26494.640878,30473.821895",
					"sidechainCenter": "2199.296680,26494.640878,30473.821895",
					"tag": ""
				},
				"55": {
					"type": "$",
					"pair": -1,
					"prev": 54,
					"next": 52,
					"e1": "-0.605707,0.562636,0.562636",
					"e2": "0.368650,0.825071,-0.428200",
					"e3": "-0.705136,-0.051948,-0.707167",
					"position": "2142.462465,26490.453873,30416.823974",
					"backboneCenter": "2142.462465,26490.453873,30416.823974",
					"sidechainCenter": "2142.462465,26490.453873,30416.823974",
					"tag": ""
				},
				"52": {
					"type": "$",
					"pair": -1,
					"prev": 55,
					"next": 47,
					"e1": "-0.605707,0.562636,0.562636",
					"e2": "0.368650,0.825071,-0.428200",
					"e3": "-0.705136,-0.051948,-0.707167",
					"position": "2085.628250,26486.266868,30359.826053",
					"backboneCenter": "2085.628250,26486.266868,30359.826053",
					"sidechainCenter": "2085.628250,26486.266868,30359.826053",
					"tag": ""
				},
				"47": {
					"type": "$",
					"pair": 48,
					"prev": 52,
					"next": 45,
					"e1": "0.000000,-0.328867,-0.944376",
					"e2": "0.000000,0.944376,-0.328867",
					"e3": "1.000000,0.000000,0.000000",
					"position": "2028.794034,26482.079864,30302.828132",
					"backboneCenter": "1986.382314,26713.669500,30292.454507",
					"sidechainCenter": "2071.205755,26250.490228,30313.201757",
					"tag": ""
				},
				"45": {
					"type": "$",
					"pair": 46,
					"prev": 47,
					"next": 11,
					"e1": "0.000000,-0.803857,-0.594823",
					"e2": "0.000000,0.594823,-0.803857",
					"e3": "1.000000,0.000000,0.000000",
					"position": "1679.799326,26307.679228,30062.695053",
					"backboneCenter": "1638.301366,26500.735619,29856.782721",
					"sidechainCenter": "1721.297287,26114.622837,30268.607386",
					"tag": ""
				},
				"11": {
					"type": "$",
					"pair": 10,
					"prev": 45,
					"next": 13,
					"e1": "0.000000,-0.803857,-0.594823",
					"e2": "0.000000,-0.594823,0.803857",
					"e3": "-1.000000,0.000000,0.000000",
					"position": "1767.990767,27393.884609,29936.790040",
					"backboneCenter": "1809.476091,27272.027863,30179.136052",
					"sidechainCenter": "1726.505442,27515.741354,29694.444027",
					"tag": ""
				},
				"13": {
					"type": "$",
					"pair": 12,
					"prev": 11,
					"next": 15,
					"e1": "0.000000,-0.328867,-0.944376",
					"e2": "0.000000,-0.944376,0.328867",
					"e3": "-1.000000,0.000000,0.000000",
					"position": "2108.645827,27221.173162,29652.526084",
					"backboneCenter": "2150.524180,27022.727776,29777.614426",
					"sidechainCenter": "2066.767474,27419.618548,29527.437741",
					"tag": ""
				},
				"15": {
					"type": "$",
					"pair": 14,
					"prev": 13,
					"next": 17,
					"e1": "0.000000,0.260505,-0.965473",
					"e2": "0.000000,-0.965473,-0.260505",
					"e3": "-1.000000,0.000000,0.000000",
					"position": "2460.420568,27184.224665,29360.200307",
					"backboneCenter": "2501.287155,26904.442309,29322.142732",
					"sidechainCenter": "2419.553982,27464.007021,29398.257882",
					"tag": ""
				},
				"17": {
					"type": "$",
					"pair": 16,
					"prev": 15,
					"next": 19,
					"e1": "0.000000,0.759271,-0.650774",
					"e2": "0.000000,-0.650774,-0.759271",
					"e3": "-1.000000,0.000000,0.000000",
					"position": "2801.251500,27379.165021,29077.855480",
					"backboneCenter": "2843.036474,27182.693073,28954.580713",
					"sidechainCenter": "2759.466525,27575.636969,29201.130246",
					"tag": ""
				},
				"19": {
					"type": "$",
					"pair": 18,
					"prev": 17,
					"next": 21,
					"e1": "0.000000,0.993961,-0.109734",
					"e2": "0.000000,-0.109734,-0.993961",
					"e3": "-1.000000,0.000000,0.000000",
					"position": "3146.251500,27675.076393,28963.247849",
					"backboneCenter": "3188.036474,27582.239794,28750.693713",
					"sidechainCenter": "3104.466525,27767.912992,29175.801984",
					"tag": ""
				},
				"21": {
					"type": "$",
					"pair": 20,
					"prev": 19,
					"next": 23,
					"e1": "0.000000,0.882948,0.469472",
					"e2": "0.000000,0.469472,-0.882948",
					"e3": "-1.000000,0.000000,0.000000",
					"position": "3495.420568,27967.091626,29015.962978",
					"backboneCenter": "3536.287155,28066.650117,28751.738353",
					"sidechainCenter": "3454.553982,27867.533136,29280.187604",
					"tag": ""
				},
				"23": {
					"type": "$",
					"pair": 22,
					"prev": 21,
					"next": 111,
					"e1": "0.000000,0.464842,0.885394",
					"e2": "0.000000,0.885394,-0.464842",
					"e3": "-1.000000,0.000000,0.000000",
					"position": "3840.420568,28195.639596,29243.430516",
					"backboneCenter": "3881.287155,28426.782155,29081.258806",
					"sidechainCenter": "3799.553982,27964.497038,29405.602226",
					"tag": ""
				},
				"111": {
					"type": "$",
					"pair": 112,
					"prev": 23,
					"next": 109,
					"e1": "0.000000,0.464842,0.885394",
					"e2": "0.000000,-0.885394,0.464842",
					"e3": "1.000000,0.000000,0.000000",
					"position": "3752.154824,28965.107951,30747.931177",
					"backboneCenter": "3710.070648,28708.124337,30834.436638",
					"sidechainCenter": "3794.238999,29222.091566,30661.425715",
					"tag": ""
				},
				"109": {
					"type": "$",
					"pair": 110,
					"prev": 111,
					"next": 107,
					"e1": "0.000000,0.882948,0.469472",
					"e2": "0.000000,-0.469472,0.882948",
					"e3": "1.000000,0.000000,0.000000",
					"position": "3404.799326,29186.175303,30980.822956",
					"backboneCenter": "3363.301366,29025.675250,31213.009071",
					"sidechainCenter": "3446.297287,29346.675356,30748.636841",
					"tag": ""
				},
				"107": {
					"type": "$",
					"pair": 108,
					"prev": 109,
					"next": 105,
					"e1": "0.000000,0.993961,-0.109734",
					"e2": "0.000000,0.109734,0.993961",
					"e3": "1.000000,0.000000,0.000000",
					"position": "3063.794034,29525.139968,31032.683731",
					"backboneCenter": "3021.382314,29483.549362,31260.744234",
					"sidechainCenter": "3106.205755,29566.730575,30804.623228",
					"tag": ""
				},
				"105": {
					"type": "$",
					"pair": 106,
					"prev": 107,
					"next": 103,
					"e1": "0.000000,0.759271,-0.650774",
					"e2": "0.000000,0.650774,0.759271",
					"e3": "1.000000,0.000000,0.000000",
					"position": "2721.346411,29793.216017,30879.816475",
					"backboneCenter": "2678.774966,29904.206087,31086.329569",
					"sidechainCenter": "2763.917855,29682.225946,30673.303380",
					"tag": ""
				},
				"103": {
					"type": "$",
					"pair": 104,
					"prev": 105,
					"next": 101,
					"e1": "0.000000,0.260505,-0.965473",
					"e2": "0.000000,0.965473,0.260505",
					"e3": "1.000000,0.000000,0.000000",
					"position": "2376.346411,29946.673437,30617.460153",
					"backboneCenter": "2333.774966,30154.737653,30725.514473",
					"sidechainCenter": "2418.917855,29738.609221,30509.405834",
					"tag": ""
				},
				"101": {
					"type": "$",
					"pair": 102,
					"prev": 103,
					"next": 99,
					"e1": "0.000000,-0.328867,-0.944376",
					"e2": "0.000000,0.944376,-0.328867",
					"e3": "1.000000,0.000000,0.000000",
					"position": "2027.154824,29955.996364,30325.704552",
					"backboneCenter": "1985.070648,30222.943556,30278.133875",
					"sidechainCenter": "2069.238999,29689.049172,30373.275229",
					"tag": ""
				},
				"99": {
					"type": "$",
					"pair": 100,
					"prev": 101,
					"next": 97,
					"e1": "0.000000,-0.803857,-0.594823",
					"e2": "0.000000,0.594823,-0.803857",
					"e3": "1.000000,0.000000,0.000000",
					"position": "1686.346411,29737.324400,30075.645636",
					"backboneCenter": "1643.774966,29913.846805,29921.352750",
					"sidechainCenter": "1728.917855,29560.801996,30229.938522",
					"tag": ""
				},
				"97": {
					"type": "$",
					"pair": 98,
					"prev": 99,
					"next": 95,
					"e1": "0.000000,-0.999263,-0.038388",
					"e2": "0.000000,0.038388,-0.999263",
					"e3": "1.000000,0.000000,0.000000",
					"position": "1334.799326,29468.496671,29954.516820",
					"backboneCenter": "1293.301366,29511.943263,29675.620687",
					"sidechainCenter": "1376.297287,29425.050078,30233.412952",
					"tag": ""
				},
				"95": {
					"type": "$",
					"pair": 96,
					"prev": 97,
					"next": 93,
